[sims_01_slow]
Function: eqom_stoch
Ts: 1
tf: 30
Ns: 10
P0_11: 0.100000
P0_12: 0.000001
P0_21: 0.000001
P0_22: 1.000000
mux_1: 0.000000
mux_2: 0.000000
